# This file may be used to create an environment using:
# $ conda create --name <env> --file <this file>
# platform: linux-64
_libgcc_mutex=0.1=conda_forge
_openmp_mutex=4.5=2_gnu
blast=2.13.0=hf3cf87c_0
bzip2=1.0.8=h7f98852_4
c-ares=1.18.1=h7f98852_0
ca-certificates=2022.12.7=ha878542_0
colorama=0.4.6=pyhd8ed1ab_0
curl=7.86.0=h2283fc2_1
entrez-direct=16.2=he881be0_1
gettext=0.21.1=h27087fc_0
hmmer=3.3.2=h87f3376_2
keyutils=1.6.1=h166bdaf_0
krb5=1.19.3=h08a2579_0
ld_impl_linux-64=2.39=hcc3a1bd_1
libblas=3.9.0=16_linux64_openblas
libcblas=3.9.0=16_linux64_openblas
libcurl=7.86.0=h2283fc2_1
libedit=3.1.20191231=he28a2e2_2
libev=4.33=h516909a_1
libffi=3.4.2=h7f98852_5
libgcc-ng=12.2.0=h65d4601_19
libgfortran-ng=12.2.0=h69a702a_19
libgfortran5=12.2.0=h337968e_19
libgomp=12.2.0=h65d4601_19
libidn2=2.3.4=h166bdaf_0
liblapack=3.9.0=16_linux64_openblas
libnghttp2=1.47.0=hff17c54_1
libnsl=2.0.0=h7f98852_0
libopenblas=0.3.21=pthreads_h78a6416_3
libsqlite=3.40.0=h753d276_0
libssh2=1.10.0=hf14f497_3
libstdcxx-ng=12.2.0=h46fd767_19
libunistring=0.9.10=h7f98852_0
libuuid=2.32.1=h7f98852_1000
libzlib=1.2.13=h166bdaf_4
ncbi-amrfinderplus=3.10.45=h6e70893_0
ncurses=6.3=h27087fc_1
numpy=1.23.5=py38h7042d01_0
openssl=3.0.7=h0b41bf4_1
pandas=1.5.2=py38h8f669ce_0
pcre=8.45=h9c3ff4c_0
perl=5.32.1=2_h7f98852_perl5
perl-archive-tar=2.40=pl5321hdfd78af_0
perl-carp=1.50=pl5321hd8ed1ab_0
perl-common-sense=3.75=pl5321hd8ed1ab_0
perl-compress-raw-bzip2=2.201=pl5321h166bdaf_0
perl-compress-raw-zlib=2.202=pl5321h166bdaf_0
perl-encode=3.19=pl5321h166bdaf_0
perl-exporter=5.74=pl5321hd8ed1ab_0
perl-exporter-tiny=1.002002=pl5321hd8ed1ab_0
perl-extutils-makemaker=7.64=pl5321hd8ed1ab_0
perl-io-compress=2.201=pl5321h87f3376_0
perl-io-zlib=1.11=pl5321hdfd78af_0
perl-json=4.10=pl5321hdfd78af_0
perl-json-xs=2.34=pl5321h9f5acd7_5
perl-list-moreutils=0.430=pl5321hdfd78af_0
perl-list-moreutils-xs=0.430=pl5321hec16e2b_1
perl-parent=0.239=pl5321hd8ed1ab_0
perl-pathtools=3.75=pl5321h166bdaf_0
perl-scalar-list-utils=1.63=pl5321h166bdaf_0
perl-storable=3.15=pl5321h166bdaf_0
perl-types-serialiser=1.01=pl5321hdfd78af_0
pip=22.3.1=pyhd8ed1ab_0
python=3.8.15=h4a9ceb5_0_cpython
python-dateutil=2.8.2=pyhd8ed1ab_0
python_abi=3.8=3_cp38
pytz=2022.6=pyhd8ed1ab_0
pyyaml=6.0=py38h0a891b7_5
readline=8.1.2=h0f457ee_0
setuptools=65.5.1=pyhd8ed1ab_0
six=1.16.0=pyh6c4a22f_0
tk=8.6.12=h27826a3_0
tqdm=4.64.1=pyhd8ed1ab_0
wget=1.20.3=ha35d2d1_1
wheel=0.38.4=pyhd8ed1ab_0
xz=5.2.6=h166bdaf_0
yaml=0.2.5=h7f98852_2
zlib=1.2.13=h166bdaf_4
